9783127331561
9783127331660
9783127331578
9783127331677
9783127333763
9783127333770
9783127333732
9783127333749
9783127333855
9783127333862
9783127333831
9783127333893
9783127333596
9783127333961
9783127333930
9783127333992
9783127333091
9783127353259
9783127353280
9783127443554
9783127443585
9783127443530
9783127443660
9783127443684
9783127443639
9783127443752
9783127443783
9783127443738
9783127443851
9783127443882
9783127443837
9783127443264
9783127443950
9783127443981
9783127443936
9783127443165
9783127443066
9783127443035
9783127427202
9783127468069
9783127453553
9783661610153
9783661610160
9783661610177
9783661610184
9783661610252
9783661610269
9783661610276
9783661610283
9783661610290
9783661610306
9783507850033
9783507850040
9783507850118
9783507850125
9783507850194
9783507850200
9783507850262
9783507850279
9783507850286
9783507850330
9783507850354
9783507850439
9783060030392
9783060030446
9783060030491
9783060030545
9783060030590
9783060044368
9783060044412
9783060044467
9783060048694
9783060048700
9783060048717
9783060048724
9783060048731
9783060048748
9783060048984
9783060400188
9783060400317
9783060400423
9783060400546
9783060403271
9783060403301
9783060403318
9783060403325
9783060403349
9783060403356
9783060404230
9783060404339
9783060407040
9783060407071
9783060820412
9783060820429
9783060820672
9783060820702
9783060822522
9783060822539
9783060822546
9783060822553
9783060830220
9783060830244
9783060830268
9783060830282
9783060836826
9783060836833
9783060836901
9783060836970
9783060837945
9783060846573
9783060846757
9783060847730
9783060847815
9783060847891
9783060848713
9783060848843
9783060848997
9783060849437
9783060849475
9783064000018
9783060401918
9783060401949
9783060401963
9783060401987
9783120110101
9783120117308
9783122011116
9783122011215
9783122011314
9783122011413
9783122017026
9783122017125
9783122017224
9783122017323
9783122535100
9783122535209
9783122535308
9783122535407
9783122536008
9783122536107
9783122536206
9783122536305
9783122805708
9783122806309
9783122806507
9783122806705
9783122806903
9783122807306
9783127331516
9783127331615
9783127333718
9783127333817
9783127333916
9783127353204
9783127363517
9783127363616
9783127443011
9783127443110
9783127443219
9783127443516
9783127443615
9783127443714
9783127443813
9783127443912
9783127453515
9783141054194
9783141054293
9783141054392
9783141056013
9783141056020
9783141061017
9783141061024
9783141061031
9783141061048
9783141064018
9783141096514
9783141180558
9783141181302
9783141182149
9783141182996
9783141223255
9783141223293
9783141223330
9783141223378
9783141261912
9783141261929
9783141261936
9783141517606
9783141517613
9783141517620
9783141517637
9783141517644
9783141517651
9783141517668
9783141517675
9783425135106
9783425135502
9783425135601
9783425135700
9783507048317
9783507048324
9783507048331
9783507048348
9783507850002
9783507850088
9783507850163
9783507850248
9783507850323
9783507850408
9783507859005
9783507859074
9783507859142
9783507859210
9783507859289
9783507859357
9783619154401
9783619156023
9783619156603
9783619157402
9783619254408
9783619256204
9783619256600
9783619257409
9783619354405
9783619356201
9783619356607
9783619357406
9783619454402
9783619456208
9783619456604
9783619457403
9783619919888
9783619919895
9783619919918
9783619922888
9783619922949
9783619922994
9783619923045
9783637018624
9783637018631
9783637018648
9783637018655
9783637018709
9783637018723
9783637018747
9783637018761
9783661610054
9783661610061
9783661610078
9783661610085
9783661610092
9783661610108
9783990354438
9783990354445
9783990354551
9783990357385
9783990359723
9783661611556
9783661611563
9783661611570
9783661611587
9783661610658
9783661610665
9783661610672
9783661610689
9783661610696
9783661610702
9783661630342
9783661630359
9783661610597
9783661610603
9783661615158
9783661615165
9783661615172
9783127330595
9783127330694
9783127330793
9783127330892
9783127330991
9783127330076
9783127350197
9783127330588
9783127330786
9783127330984
9783127350180
9783127330632
9783127330731
9783127330830
9783127330939
9783127330038
9783127350135
9783127350234
9783127350333
9783661601250
9783661601267
9783661601274
9783661601311
9783661601281
9783661601328
9783661601298
9783661601335
9783661601304
9783661601342
9783661601359
9783661601366
9783661601373
9783661601380
9783661601397
9783661601564
9783661601571
9783060411436
9783060413645
9783060411443
9783060412532
9783060416455
9783060416448
9783060416486
9783060416479
9783060416509
9783060416530
9783060411597
9783060413751
9783060413768
9783060413775
9783060413782
9783661610450
9783661610467
9783661610474
9783661610481
9783661610498
9783661610504
9783661630311
9783661630328
9783661630335
9783661610559
9783661610566
9783661610573
9783661610580
9783060414840
9783060414918
9783060414987
9783060415021
9783060410606
9783060410613
9783060407224
9783060427901
9783060427956
9783060427345
9783060428007
9783637034310
9783127330519
9783127330618
9783127330717
9783127330816
9783127330915
9783127330014
9783127350104
9783127350203
9783127350302
9783127330564
9783127330557
9783127330663
9783127330656
9783127330762
9783127330755
9783127330861
9783127330854
9783127330960
9783127330953
9783507875401
9783507875449
9783507875425
9783507875463
9783661601052
9783661601069
9783661601076
9783661601113
9783661601083
9783661601120
9783661601090
9783661601137
9783661601106
9783661601144
9783661601151
9783661601168
9783661601175
9783661601212
9783661601182
9783661601229
9783661601199
9783661601236
9783661601205
9783661601243
9783060411047
9783060411054
9783060411061
9783060411078
9783060401239
9783060411085
9783060411092
9783060411108
9783060411115
9783060411122
9783141298703
9783141236057
9783141236149
9783141236231
9783141236323
9783141236392
9783141236484
9783141236552
9783141236644
9783141236712
9783141236804
9783141298901
9783141299106
9783141236088
9783141451573
9783141236170
9783141451580
9783141236262
9783141451597
9783141236347
9783141451603
9783141236422
9783141451610
9783141236507
9783141451627
9783141236583
9783141451634
9783141236668
9783141451641
9783141236873
9783141451658
9783141236880
9783141451665
9783507811607
9783507811706
9783507811805
9783507811881
9783507811980
9783507812062
9783507812161
9783507812246
9783507812345
9783507812420
9783507811621
9783507811720
9783507811829
9783507811904
9783507812000
9783507812086
9783507812185
9783507812260
9783507812369
9783507812444
9783911443005
9783911443029
9783661600055
9783127475555
9783661600062
9783127475654
9783661600116
9783127475777
9783661600079
9783127475753
9783661600123
9783127475876
9783661600086
9783127475852
9783661600130
9783127475975
9783661600093
9783127475951
9783661600147
9783127475050
9783661600154
9783127475579
9783661600161
9783127475678
9783661600215
9783127475746
9783661600208
9783127475739
9783661600222
9783127475845
9783661600185
9783127475890
9783661600239
9783127475944
9783661600192
9783127475999
9783661600246
9783127475043
9783464540404
9783464540442
9783464541616
9783464540541
9783464541623
9783464541180
9783464541630
9783464541234
9783464541333
9783464540411
9783060419180
9783464540510
9783060419203
9783464540732
9783060412563
9783060416424
9783060416417
9783464541203
9783060415632
9783507868236
9783507868328
9783507868410
9783507868298
9783507868502
9783507868441
9783507868595
9783507868564
9783507868748
9783507868250
9783507868274
9783507868342
9783507868366
9783507868458
9783507868434
9783507868540
9783507868526
9783507868632
9783507868618
9783507868700
9783060834488
9783060834716
9783060834860
9783060834983
9783637017061
9783637017092
9783637017122
9783637017153
9783762704966
9783762704997
9783762705024
9783762705055
9783637016651
9783637016675
9783637016705
9783637016736
9783122024406
9783122016609
9783122024505
9783122016708
9783122024604
9783122016807
9783122024703
9783122016906
9783122456016
9783122455156
9783122456115
9783122455255
9783122456214
9783122455354
9783122456313
9783122455453
9783619154708
9783619254705
9783619354702
9783619454709
9783141331011
9783141210200
9783141331028
9783141210255
9783141331035
9783141210309
9783141331042
9783141210354
9783141186765
9783425131108
9783141186895
9783425131825
9783141187045
9783425131207
9783141187311
9783425131306
9783141187465
9783425131405
9783141063011
9783507047013
9783141063028
9783507047020
9783141063035
9783507047037
9783141063042
9783507047044
9783403074793
9783403074809
9783060834686
9783060834822
9783060834945
9783637017078
9783637020474
9783637017108
9783637020481
9783637017139
9783637017160
9783637020504
9783762704973
9783762705000
9783762705031
9783762705062
9783637016644
9783637017764
9783637016682
9783637017771
9783637016712
9783637017788
9783637016743
9783637017795
9783122024413
9783122016623
9783122024512
9783122016722
9783122024611
9783122016821
9783122024710
9783122016920
9783122456023
9783122455125
9783122456122
9783122455224
9783122456221
9783122455323
9783122456320
9783122455422
9783619154760
9783619254767
9783619354764
9783619454761
9783141331110
9783141266177
9783141210217
9783141331127
9783141266184
9783141210262
9783141331134
9783141266191
9783141210316
9783141331141
9783141266207
9783141210361
9783141186819
9783425131160
9783141187090
9783425131269
9783141187366
9783425131368
9783141187519
9783425131467
9783141063110
9783141267358
9783507047112
9783141063127
9783141267365
9783507047129
9783141063134
9783141267372
9783507047136
9783141063141
9783141267389
9783507047143
9783060847563
9783060836758
9783060826360
9783060847600
9783060845660
9783060845677
9783060845684
9783060845691
9783060093540
9783060093595
9783060092000
9783060031313
9783060092017
9783060092727
9783060436842
9783060436262
9783060436880
9783060436804
9783060438983
9783060011667
9783060044436
9783060436323
9783127337563
9783127337655
9783127337167
9783127337754
9783127337051
9783127337853
9783127337280
9783127337952
9783127337389
9783127337457
9783127337488
9783141259407
9783141452228
9783141259391
9783141259490
9783141452235
9783141259483
9783141259582
9783141452242
9783141259575
9783141259667
9783141452259
9783141259654
9783141259742
9783141452266
9783141259735
9783464811900
9783464811665
9783464811672
9783464811689
9783060847945
9783060805259
9783060805297
9783060805266
9783060805273
9783060805280
9783060013050
9783060021536
9783060805471
9783060410361
9783060805624
9783060084968
9783060805648
9783060819164
9783060805655
9783060805839
9783507812925
9783507668805
9783507812932
9783507668812
9783507812949
9783507668829
9783060848966
9783060849116
9783060822607
9783060822614
9783060822621
9783060822638
9783060849512
9783060849550
9783060839186
9783060839193
9783060817672
9783060817689
9783637021914
9783637021983
9783637022041
9783637022102
9783619919901
9783619919932
9783619919925
9783619920327
9783619920310
9783141055146
9783141055245
9783141056037
9783141055344
9783141056044
9783141055443
9783141180817
9783141181456
9783141182293
9783141183146
9783141061567
9783141061574
9783141061581
9783141061598
9783661610757
9783661610771
9783661610788
9783661610795
9783661610801
9783060436088
9783060436095
9783060436170
9783060436101
9783060436187
9783060436118
9783060436194
9783060436132
9783060436217
9783060092673
9783060083770
9783060092680
9783060083787
9783060092697
9783060083831
9783060092703
9783060083848
9783060092710
9783060083855
9783060083862
9783060402533
9783060402359
9783060402489
9783060400263
9783060400362
9783060400485
9783060075256
9783060075263
9783060075317
9783060075324
9783060075379
9783060075386
9783060075447
9783060075454
9783060075515
9783060075522
9783060075539
9783060075546
9783060075607
9783060075614
9783127337518
9783127337617
9783127337105
9783127337716
9783127337013
9783127337815
9783127337211
9783127337914
9783127337310
9783127337419
9783127206104
9783127206203
9783127206302
9783127206401
9783127205503
9783127206609
9783127205701
9783127206807
9783127445619
9783127445718
9783127445817
9783127445916
9783127445015
9783507874800
9783507672253
9783507874824
9783507672260
9783507874848
9783507672277
9783507874862
9783507672284
9783507874886
9783507672291
9783141259384
9783141259421
9783141259476
9783141259513
9783141259568
9783141259599
9783141259643
9783141259674
9783141259728
9783141259759
9783141259803
9783141259834
9783141177510
9783141178050
9783141177527
9783141178067
9783141177534
9783141178074
9783141518252
9783141518696
9783141519242
9783141518702
9783141519259
9783141518719
9783141519266
9783141518726
9783141519273
9783141518733
9783141519280
9783141518740
9783141519297
9783141518757
9783141519300
9783141504002
9783141504088
9783141504101
9783141504187
9783141504200
9783141504286
9783141504309
9783141504385
9783141504408
9783141504484
9783141504507
9783141504583
9783141241914
9783141241983
9783141242119
9783141242188
9783141242201
9783141242270
9783141242294
9783141242362
9783141242881
9783141242959
9783141243055
9783141262322
9783141262339
9783141262346
9783141261943
9783141262353
9783127335064
9783127335057
9783127335163
9783127335156
9783127335262
9783127335279
9783127335248
9783127335354
9783127335361
9783127335330
9783127335453
9783127335460
9783127335439
9783127335682
9783127355260
9783141092028
9783141451115
9783141092134
9783141451122
9783141092240
9783141451139
9783141092233
9783507885974
9783507230743
9783507230767
9783507230774
9783507230781
9783507891265
9783507891159
9783507891166
9783060406470
9783060407484
9783060406487
9783060407491
9783060080038
9783060080045
9783060429851
9783060080076
9783060080083
9783060404759
9783060401680
9783060001521
9783060001538
9783060001545
9783060001552
9783141256666
9783141452129
9783141256789
9783141256673
9783141256796
9783141256680
9783141452143
9783141256802
9783127445558
9783127445657
9783127445756
9783127445855
9783127445954
9783127446050
9783127444155
9783127445589
9783127445688
9783127445787
9783127445886
9783127403404
9783141232011
9783141232127
9783141232219
9783141232295
9783141232882
9783141232301
9783129272651
9783129272668
9783129272675
9783129272682
9783129272699
9783142304051
9783142304068
9783142304075
9783142304082
9783141263213
9783141263220
9783141263237
9783141263244
9783060436750
9783060436743
9783060436682
9783060436699
9783060436705
9783060436712
9783060436736
9783060436729
9783127465013
9783507886155
9783141092004
9783507885806
9783141092110
9783507885875
9783141092226
9783507885943
9783507886018
9783507886087
9783507891005
9783507891135
9783507891067
9783141287448
9783141287455
9783141287462
9783060401819
9783060401833
9783060405282
9783060405305
9783060413171
9783060403486
9783060413126
9783060406456
9783060403493
9783060413133
9783060406494
9783060406579
9783060413157
9783060401499
9783464815311
9783060817511
9783060817528
9783060021567
9783127335576
9783127335019
9783127335118
9783127335217
9783127335316
9783127335415
9783127331202
9783127335170
9783127355215
9783127355413
9783127205800
9783127205107
9783127205206
9783127205305
9783127205404
9783127205602
9783141235920
9783141235838
9783141249064
9783141249071
9783141235005
9783141249002
9783141235128
9783141249019
9783141235296
9783141249026
9783141235463
9783141249033
9783141235678
9783141235586
9783141249040
9783141249057
9783507886650
9783507887305
9783141256604
9783507886308
9783141256611
9783507886377
9783141256628
9783507886445
9783507886513
9783507886582
9783507887435
9783507887367
9783060049097
9783060030644
9783060049042
9783060049059
9783060049066
9783060049073
9783060049080
9783060067312
9783060065844
9783060067206
9783060083763
9783060067282
9783060067299
9783060067305
9783060065837
9783127421910
9783127454512
9783127445510
9783127444117
9783507048041
9783060845668
9783060848477
9783060848556
9783060848638
9783060045419
9783060045457
9783060045495
9783060045532
9783060001569
9783060015214
9783060015221
9783060015238
9783060015245
9783060015252
9783141500615
9783141500707
9783141500790
9783141500882
9783141500974
9783141452914
9783141452921
9783141452938
9783141452945
9783141452952
9783507885653
9783507885684
9783507885714
9783507885745
9783507885776
9783127445565
9783127445664
9783127445763
9783127445862
9783127445961
9783127445060
9783127348569
9783127348668
9783127348767
9783127348866
9783127348965
9783127348064
9783464807934
9783464807989
9783464807941
9783464807958
9783464807972
9783060837151
9783060849390
9783060849444
9783060849482
9783060849529
9783120117407
9783122019105
9783122019204
9783122019303
9783122019402
9783141065015
9783507048713
9783141065022
9783507048720
9783141065039
9783507048737
9783141065046
9783507048744
9783141346015
9783141268010
9783141346022
9783141268027
9783141268034
9783141210088
9783141268041
9783141210125
9783060045389
9783060045426
9783060045464
9783060045501
9783060045549
9783060045587
9783060002504
9783060091874
9783060091881
9783060091898
9783060091973
9783060091904
9783464561621
9783835511415
9783835511446
9783835511477
9783835511507
9783835512092
9783060418121
9783060418251
9783127348514
9783127348613
9783127348712
9783127348811
9783127348910
9783127348019
9783507885608
9783507885639
9783507885660
9783507885691
9783507885721
9783507885752
9783141563009
9783141563016
9783141524581
9783141524598
9783141500509
9783507878556
9783141500592
9783507878563
9783141500684
9783507878570
9783141500776
9783507878587
9783141500868
9783507878976
9783141500950
9783507878600
